0
8.64004
0
0
4.56581
23.05359
0
0
0
0
10.37412
0
0
8.20652
0
0
0
0
0
21.44796
0
5.62612
5.40916
9.77928
0
0
0
0
7.84525
0
0
0
12.62541
10.06487
23.63836
0
0
7.14324
0
0
0
0
9.77928
0
0
10.37412
0
9.92117
0
9.62717
8.92905
0
0
17.89311
0
6.61695
0
6.76146
0
0
0
0
0
0
0
0
10.16201
0
0
0
0
6.23666
15.63147
10.66313
0
0
10.94203
0
0
0
24.65922
10.32257
6.51371
0
0
6.0273
0
0
0
8.78454
11.5268
7.68774
11.5268
13.98678
0
0
0
6.61695
7.12761
0
0
7.21154
0
7.46047
0
0
0
0
0
14.88175
9.65034
19.84234
6.23666
0
7.48399
13.55861
0
8.35103
9.92117
0
0
0
0
11.5268
0
10.16201
8.38
0
10.6437
0
11.2075
8.92905
0
0
7.81573
0
0
0
5.18613
20.74823
0
0
9.55111
0
0
0
0
0
0
9.11835
0
0
5.89783
0
0
0
0
0
0
0
0
10.72398
0
10.72398
7.48399
9.65158
0
7.84525
0
0
0
0
0
12.32961
12.07785
24.12896
0
0
19.84234
23.44038
6.48077
0
0
0
0
0
0
6.15797
11.38118
4.36835
6.03892
8.20652
0
0
7.0932
0
8.92905
0
0
11.01065
12.48343
0
0
7.60929
0
0
0
0
14.8251
9.11835
0
0
0
7.3496
0
0
0
0
0
0
8.73671
0
19.0188
11.81918
0
8.67617
0
0
8.20652
10.84849
9.64018
0
9.65158
0
0
23.05359
11.81918
9.399
0
5.35563
8.64148
0
22.25078
0
0
0
4.8363
0
0
0
0
0
8.56901
0
0
22.20667
0
18.07381
0
2.88462
7.91751
0
23.05359
13.13242
0
0
0
0
11.16131
10.72398
0
9.84089
10.48405
9.65158
8.92905
11.81918
4.3168
0
0
0
0
13.13242
11.02439
0
6.70991
0
0
0
0
0
9.24689
7.51273
4.56581
0
0
0
8.31554
10.20463
0
0
0
0
0
9.58874
0
7.5613
9.11835
0
7.70075
0
3.21624
0
11.5268
0
0
0
14.24512
6.61695
0
9.0013
9.80784
6.42676
8.20652
0
0
12.07785
0
0
0
0
11.6129
26.26484
6.03892
0
14.73805
0
0
0
0
16.41304
5.76923
0
7.48399
6.42676
0
0
0
0
13.93524
12.32961
19.49801
0
8.04967
6.76146
0
0
9.65158
0
0
8.92905
0
0
3.84615
7.71211
0
0
7.87788
5.07531
19.66256
7.47167
21.44796
0
7.93693
0
26.26484
8.56779
0
0
0
0
13.96236
0
0
0
0
11.81918
21.44796
0
11.26237
8.73671
5.47897
0
0
0
0
0
10.72398
19.09652
0
6.78354
0
9.65158
4.2845
0
0
0
0
0
0
0
0
6.23666
0
12.86329
0
0
14.33972
0
0
16.30135
0
0
0
0
21.44796
0
0
0
0
0
0
0
7.69231
0
11.7236
0
13.93524
0
0
0
0
12.37697
7.48399
0
0
0
0
0
8.65152
10.43414
0
0
13.67753
0
0
19.00057
12.44124
19.84234
0
29.41862
0
0
0
0
0
0
8.92905
0
12.32961
0
0
0
0
0
0
0
0
0
9.11835
3.84615
0
0
0
15.48348
0
0
0
0
11.07223
0
0
7.48399
8.20652
0
11.26909
0
0
13.26424
7.48399
0
5.02275
0
26.26484
6.43948
12.57977
6.90596
12.44124
13.98678
10.37412
0
0
10.74308
9.11835
0
0
0
0
0
0
13.26424
0
0
0
6.42676
13.10506
0
0
8.63844
5.24203
0
3.90723
23.05359
0
9.65158
15.48348
8.94333
0
0
11.24115
7.11732
0
0
10.32257
0
9.158
11.09665
0
6.0273
5.54109
0
9.27892
13.13043
10.24229
4.73531
23.05359
0
7.12272
0
0
0
23.63836
5.10678
10.48314
0
12.86878
0
0
0
11.5268
0
0
0
0
0
11.9054
0
0
0
0
0
3.92313
0
0
0
0
10.32257
6.15385
0
0
0
0
0
10.01285
9.77928
7.48399
13.11974
0
0
6.17791
0
0
0
0
0
26.52849
0
0
0
0
0
0
0
7.48399
10.72398
17.15932
11.66924
0
8.20652
0
0
12.86878
3.84615
9.67259
0
0
0
0
6.58792
0
7.84525
8.92905
10.15736
7.87788
8.70848
0
20.48459
0
0
0
7.46047
0
0
0
0
0
0
0
6.97821
0
0
0
6.03892
18.11261
0
0
10.72398
0
0
0
13.81192
0
0
4.56581
0
0
0
13.69743
15.5251
0
0
0
0
0
0
9.22529
0
0
0
0
0
0
8.20652
0
0
8.20652
15.44253
8.20652
9.65158
0
0
0
0
8.92905
0
7.48399
8.99539
0
11.44766
11.83363
0
10.92012
0
0
0
0
12.54171
7.73687
8.87732
0
0
0
7.14324
4.56581
0
0
6.03892
0
5.76923
9.47604
0
0
0
0
23.05359
0
10.37412
0
0
17.10052
0
9.65158
23.05359
9.89906
0
8.30147
0
9.399
0
0
9.65158
6.22335
0
0
0
0
0
0
0
0
0
1.73898
6.61695
5.48786
0
0
9.92117
9.36257
0
5.24203
0
9.92117
7.84525
0
0
0
9.11835
0
7.13982
8.92905
9.61223
0
11.25636
0
0
0
16.30135
10.08173
0
0
0
0
0
13.94917
0
14.14853
10.72398
10.37412
0
0
0
26.26484
0
0
0
0
6.91608
0
9.10999
8.56779
0
4.48718
0
0
0
8.20652
0
21.44796
0
0
0
10.37412
0
0
0
0
0
23.05359
0
0
0
0
0
8.20652
0
0
0
9.14581
7.80968
0
0
0
6.76146
0
6.46907
6.39553
0
0
9.7983
0
0
5.21694
0
0
0
0
0
0
16.34368
13.96236
21.13647
0
8.966
0
6.76146
7.81573
0
0
6.03892
0
11.02439
0
0
6.61695
0
4.56581
10.94203
6.08775
0
0
0
0
0
0
0
0
8.63844
0
0
2.95957
8.92905
0
11.17845
14.31384
0
0
13.13242
0
0
0
0
10.41747
0
0
9.51976
0
0
0
0
11.81918
0
0
9.65158
13.23859
9.92117
20.90285
0
0
10.59088
0
6.83647
9.65158
0
0
9.97865
7.72738
11.9054
11.81918
4.17356
0
4.2845
0
0
9.65158
0
0
0
0
23.05359
8.89531
10.92012
4.57486
10.32257
19.683
0
0
7.4976
0
0
0
8.31554
0
0
0
0
19.45779
0
7.04617
0
16.43948
0
0
0
0
0
8.43725
17.53899
0
0
0
0
0
0
0
0
0
11.5268
0
0
0
12.32961
13.93524
10.43414
5.07312
11.42371
0
13.4468
0
9.92117
8.92905
0
8.20652
0
0
0
0
17.23305
0
9.29032
0
0
8.92905
10.08173
9.65158
0
0
11.81918
0
0
13.67753
0
14.72292
9.61538
0
0
8.03345
0
0
6.42676
0
0
9.65158
0
0
0
6.95593
0
0
0
8.31554
8.52467
0
0
0
0
7.84525
12.32961
0
0
0
19.30317
13.98678
0
0
0
8.56779
0
0
7.84525
0
5.08816
0
0
0
0
10.72398
6.44839
0
11.45791
0
0
0
13.68476
0
0
9.92117
0
0
0
0
0
0
24.10919
6.93483
0
10.48405
0
17.22465
7.48399
8.63667
0
0
0
13.13242
4.56581
0
0
0
10.37412
16.30135
0
0
0
0
8.59653
0
0
10.37412
0
0
0
0
0
0
0
8.20652
0
0
8.31554
8.53359
8.56779
0
14.70931
0
0
10.72398
0
0
11.64895
0
0
4.2845
23.05359
5.63455
9.29032
0
12.32961
0
0
0
0
23.32859
24.15569
0
0
0
8.50386
0
0
0
0
9.65158
0
0
0
6.50781
0
24.65922
0
0
7.84525
0
6.92308
0
0
0
7.48399
4.9772
0
0
0
6.03892
9.61223
10.15956
0
0
0
0
7.48399
0
11.53846
7.91751
9.11835
0
0
0
0
0
0
0
8.0519
0
0
0
6.90596
0
0
0
0
0
11.9282
0
12.85351
11.45791
12.29075
8.8568
9.65158
0
0
15.84513
18.11261
0
0
12.46946
0
0
0
5.38313
7.28969
6.76146
12.44124
5.02275
4.23077
8.20652
0
0
0
8.20652
0
11.81918
0
0
8.87751
0
10.01285
0
9.51976
8.92905
8.92905
26.26484
0
7.48399
13.1252
0
12.86878
6.07287
0
0
0
0
9.556
6.92117
13.96236
16.10379
18.00054
5.76923
0
0
8.92905
0
0
0
0
0
0
8.20652
18.18335
0
0
0
0
13.05134
4.53575
8.42328
0
0
0
0
8.71229
0
0
15.02269
0
10.72398
8.22013
8.8568
8.72589
7.44088
23.05359
0
13.96236
9.05838
0
0
5.82447
0
6.53856
0
8.0364
9.65158
0
3.21338
0
0
10.59193
0
0
0
8.63844
0
0
7.48399
0
0
0
6.61695
0
0
6.693
0
0
0
0
0
6.19377
6.52259
7.12272
0
0
7.48399
6.39249
6.50921
8.26301
6.76146
3.84615
12.32961
9.65158
8.20652
0
0
15.75891
5.24203
2.90816
0
0
0
0
8.49698
8.92905
11.12539
7.14084
0
0
9.31886
13.26424
6.83765
9.399
0
0
0
13.13242
8.36623
0
0
0
0
0
0
5.82447
9.11835
5.76923
24.65922
0
0
0
10.37412
7.26723
9.11835
12.44124
0
0
6.16709
0
0
0
9.65158
0
20.74823
0
0
0
9.14581
6.04037
0
10.72398
0
7.4976
3.65385
0
0
0
0
0
0
0
0
0
5.99581
0
7.81573
0
0
0
0
0
0
0
0
8.92905
0
7.11132
0
0
8.69491
0
10.68384
0
8.46867
11.04511
0
0
0
0
0
0
0
0
15.3803
0
0
10.37412
0
8.36623
0
0
0
0
0
7.10297
6.71834
0
0
0
7.91751
0
0
7.74692
0
0
0
9.65158
17.07177
9.65158
7.87788
10.83027
6.97821
0
0
6.90596
3.88586
0
7.14324
0
0
9.399
9.27892
10.15956
0
9.51976
0
0
12.00848
0
0
0
0
0
0
5.58848
0
0
0
0
0
2.30769
6.32794
14.73805
0
0
4.56581
0
0
0
0
0
0
23.05359
0
6.76146
8.41694
8.7103
0
6.61695
0
0
7.51273
0
0
0
0
3.69231
24.65922
0
14.92094
0
11.5268
0
0
0
6.6892
12.86878
12.06448
0
0
6.83877
11.09665
0
13.26424
0
23.05359
0
10.92012
0
19.61241
16.41304
0
0
0
13.47017
0
0
0
0
0
21.1477
19.30317
0
0
5.47101
0
7.59886
0
0
14.94089
0
0
7.10297
0
0
10.37412
6.76146
0
8.94655
0
0
0
0
10.92012
0
9.47604
0
32.25744
10.50594
0
5.70014
13.26424
0
0
0
0
0
9.66228
9.13162
10.32257
7.35217
0
0
7.48399
0
0
0
0
0
8.20652
0
16.63108
8.31554
0
8.91673
19.30317
0
0
0
0
0
0
8.79055
9.11835
0
0
0
0
11.5268
23.05359
0
0
0
7.12761
0
0
0
0
0
17.6935
11.5268
6.26033
17.06717
0
0
0
0
17.97109
0
13.79795
0
9.11835
0
9.11835
15.52879
7.90992
0
0
0
7.02432
0
0
0
0
7.30968
0
10.72398
17.46142
3.21338
0
0
12.32961
0
0
6.03892
7.48399
0
0
8.31554
0
6.76146
0
0
7.11732
0
13.26424
0
9.89349
10.16201
5.50865
0
0
8.31554
9.399
5.24203
0
0
12.06257
10.94549
7.85659
7.5613
9.11835
12.44124
0
14.96797
0
9.92117
0
26.26484
0
0
22.04879
0
6.03892
11.5268
0
0
0
0
0
0
0
10.37412
9.92117
15.75891
5.63455
0
0
16.04434
0
12.32961
0
0
16.02576
0
8.48633
0
6.29669
13.53383
0
11.20567
9.37888
5.47928
18.45636
11.09665
9.65158
0
21.44796
10.88454
0
8.11732
0
6.32794
0
13.26424
8.11732
0
6.43948
6.15385
8.22097
0
11.5268
0
0
0
0
5.03244
0
0
9.97865
0
0
0
0
0
0
4.80769
0
0
7.48399
0
0
0
0
0
0
0
0
0
7.29468
0
8.13016
0
0
10.50594
9.399
16.30135
11.09665
0
0
0
0
0
0
0
9.47962
14.72292
19.30317
8.20652
0
12.54171
19.84234
9.92117
8.20652
6.70991
9.65473
20.74823
0
0
0
18.04194
0
1.73077
0
0
16.68808
0
0
18.11261
10.72398
10.15956
0
0
23.05359
0
6.92636
0
10.37412
0
9.22144
0
0
0
0
0
0
6.01018
0
0
0
13.13242
8.7103
0
8.50386
0
0
6.76146
8.13427
0
17.04935
0
5.75325
0
0
0
16.8085
0
0
18.49441
0
2.40385
0
9.92117
0
0
0
0
9.52853
0
9.11835
0
0
0
0
0
3.8789
0
4.89089
0
0
11.5268
0
23.05359
14.79553
0
12.86878
12.77749
0
9.01527
0
0
6.42676
0
0
7.48399
0
12.54171
0
0
10.71486
10.37412
13.13242
0
0
0
8.31554
9.62717
5.03244
12.18045
0
0
0
4.56581
0
8.20652
6.19354
0
0
10.92012
0
0
8.92905
0
6.32794
0
0
0
0
0
0
19.84234
14.73805
0
8.63844
4.82007
8.20652
0
0
11.09665
7.48399
0
0
0
0
5.13063
12.86878
0
24.65922
5.30371
0
0
0
0
0
6.03892
10.37412
0
8.0908
0
0
0
7.87788
0
16.03363
0
0
0
24.65922
11.16131
0
11.81918
0
7.60968
6.42676
0
6.03892
0
0
7.19497
6.53771
8.31554
0
12.27045
0
0
0
8.31554
0
6.03892
0
0
0
9.65158
5.35563
6.76416
0
0
0
3.64675
0
23.05359
0
0
0
0
0
0
0
12.28913
7.19338
0
9.65158
0
0
0
0
0
0
10.50594
8.63844
4.98932
0
0
8.31554
9.62717
0
10.08173
0
0
11.5268
0
0
0
0
0
12.44124
0
0
8.92905
0
13.96236
0
0
8.13427
0
0
11.68068
0
0
7.48399
0
6.95593
0
0
0
8.63844
0
16.08597
0
0
0
0
0
0
11.5268
9.11835
7.67588
0
9.11835
0
16.31809
3.09066
12.02149
0
0
0
10.37412
0
0
0
0
0
0
0
0
0
0
6.83877
0
5.09707
0
8.04967
8.92905
8.20652
0
0
0
7.4976
17.8581
22.20667
0
16.31809
0
9.11835
10.68384
0
0
0
10.72398
0
10.64012
0
0
8.20652
0
0
0
8.86661
11.9054
0
8.92905
19.20009
10.31583
21.44796
0
0
12.44124
0
0
0
7.64971
0
8.31554
0
0
7.83385
0
9.11835
8.8568
23.05359
0
0
0
12.44124
0
0
0
0
16.59065
12.44124
0
0
0
0
13.13043
0
0
17.89311
0
0
6.95593
9.11835
5.75325
0
7.48399
7.84525
6.03892
12.85351
5.21307
0
11.31934
0
0
0
0
0
10.16201
0
13.26424
0
0
4.80769
0
5.93054
0
0
0
0
0
0
0
6.03892
13.93524
0
0
5.19231
0
0
14.96797
0
11.64382
6.76146
22.84126
10.59088
0
0
0
0
0
9.65158
9.47506
0
0
5.45669
0
0
7.51273
0
11.03038
13.26424
0
15.36906
0
0
0
0
0
0
0
0
0
6.83877
0
0
0
22.41134
12.86878
12.30597
16.31809
0
0
14.04865
0
0
19.84234
14.80742
10.92012
8.20652
0
0
8.31554
0
0
9.65158
5.21694
0
0
9.11835
11.38566
0
13.93524
0
4.90392
0
9.72398
10.43414
5.81632
9.40211
2.33516
7.48399
0
0
24.65922
8.20652
5.99089
3.24133
0
10.15956
0
11.6129
8.20652
5.13063
0
0
0
0
0
0
0
9.399
8.0747
6.53771
0
0
0
0
0
0
0
0
6.32794
0
9.02523
0
0
0
0
0
0
12.46946
0
0
8.92905
8.92905
1.73077
5.76923
7.69231
0
11.03038
9.97865
0
21.44796
9.43653
0
0
11.12539
7.8689
0
8.63844
0
17.10052
0
0
0
0
8.20652
0
13.35047
11.7236
0
5.79182
6.0273
0
7.91413
0
0
9.65158
0
5.36496
0
0
0
6.44299
0
0
0
24.35099
0
0
0
0
4.92973
0
0
8.35103
0
5.3576
0
0
14.88175
0
0
0
0
9.97865
11.09665
0
0
0
0
0
6.92308
6.76146
23.34935
11.96369
0
9.43101
0
11.28595
12.48343
0
5.84748
0
0
0
0
9.65158
0
0
8.0747
11.81918
0
9.65158
0
0
0
0
0
0
9.92117
10.92012
0
23.05359
13.59599
6.70991
0
5.1414
0
0
0
0
15.48348
10.37412
0
10.37412
0
0
0
8.62084
15.12084
0
0
0
0
5.97263
0
0
18.94126
0
0
0
10.31167
0
0
0
10.72398
8.29533
0
0
19.84234
10.72398
0
0
9.11835
7.48399
0
8.31554
0
0
0
18.11261
0
6.31736
0
0
10.15956
0
0
0
0
0
0
15.72471
8.31554
29.54795
0
0
0
8.92905
0
12.24933
0
0
0
0
9.92117
0
10.92012
0
0
0
0
7.38428
5.07355
9.23514
0
10.43414
0
0
0
0
0
11.02439
0
0
0
0
11.5268
0
0
0
11.9054
8.20652
0
0
0
0
0
8.92905
0
0
0
0
0
2.74725
17.8923
0
0
11.5268
20.7445
0
0
0
0
0
0
3.46154
8.20652
0
0
0
19.64998
7.14084
0
11.5268
0
2.30769
0
13.05488
0
8.98078
9.11835
0
0
0
0
0
9.399
0
0
0
0
15.90195
0
19.03952
9.51976
31.70471
6.96773
0
0
0
11.09665
5.87953
0
0
0
0
0
0
17.29019
0
0
0
2.88462
9.65158
0
0
5.97263
0
0
0
0
0
0
11.5268
0
0
0
6.61695
0
12.55241
0
0
8.50386
11.12539
0
0
0
0
6.41026
0
0
9.92117
9.11835
0
7.48399
0
0
0
0
0
9.11835
23.05359
0
15.24302
0
8.92905
0
0
9.399
10.72398
0
0
13.13242
10.37412
0
10.73538
0
0
11.53017
0
17.83347
0
0
0
0
10.95214
0
22.1933
0
14.96797
10.15956
0
0
9.65158
9.77928
0
0
0
0
21.0133
15.50219
23.05359
18.91069
8.20652
0
22.25078
0
0
0
0
0
0
6.70991
0
6.84871
0
7.48399
4.80769
0
0
0
0
0
0
0
6.93218
14.94334
8.22861
0
10.92012
6.18343
8.31554
0
0
22.14626
0
0
0
0
0
0
24.65922
0
0
0
0
0
0
17.8581
17.29019
0
0
0
8.92905
0
15.13946
0
6.09542
0
9.399
10.72398
7.91413
10.15956
0
0
0
0
0
11.81918
0
0
0
10.37412
0
0
0
0
0
0
0
0
0
0
8.20652
7.41758
0
0
9.65158
0
0
0
0
0
0
11.68736
0
0
0
0
11.09665
0
0
0
10.68384
6.03892
0
0
19.84234
12.31593
0
0
0
19.84234
10.15956
8.20652
21.44796
8.0908
0
9.11835
0
8.28195
5.53009
0
11.68068
21.63462
0
9.92117
0
5.51792
10.37412
11.5268
0
0
8.92905
0
0
11.5268
0
4.39194
13.98678
8.56779
9.65158
0
0
0
0
18.23671
0
0
11.9054
0
0
51.02315
2.85634
8.92905
9.92117
0
23.22579
5.07324
0
0
7.48399
0
0
0
9.48472
10.72398
0
8.20652
8.67032
0
0
0
0
0
0
0
0
11.12539
5.95222
8.20652
0
0
19.84234
0
7.12761
11.09665
8.63844
0
6.11394
11.81918
0
0
19.69863
0
11.5268
8.8568
0
0
9.47489
0
0
0
0
0
39.39727
0
0
0
0
9.64018
0
8.30609
8.92905
0
0
0
0
4.96852
0
0
0
13.13242
0
0
0
0
0
0
0
0
0
0
0
0
0
9.65303
28.12845
16.78536
0
0
11.5268
0
0
0
0
0
0
0
0
0
0
5.70726
0
0
9.38032
0
0
0
9.65158
0
9.11835
24.33809
0
10.5907
0
0
0
12.32961
0
9.23514
0
0
13.45048
0
0
4.83114
0
0
0
0
0
6.84871
7.48399
7.86304
0
10.37412
0
0
6.37067
15.48348
0
0
0
5.36645
0
0
0
0
0
0
8.0519
0
6.97821
23.05359
0
0
0
0
