-0.802353
1.095879
-0.802353
-0.802353
0.6357288
1.861864
-0.802353
-0.802353
-0.802353
-0.802353
1.234452
-0.802353
-0.802353
1.057332
-0.802353
-0.802353
-0.802353
-0.802353
-0.802353
1.803990
-0.802353
0.7818095
0.7539205
1.189454
-0.802353
-0.802353
-0.802353
-0.802353
1.023797
-0.802353
-0.802353
-0.802353
1.385743
1.21136
1.881987
-0.802353
-0.802353
0.954523
-0.802353
-0.802353
-0.802353
-0.802353
1.189454
-0.802353
-0.802353
1.234452
-0.802353
1.200409
-0.802353
1.177548
1.120625
-0.802353
-0.802353
1.659564
-0.802353
0.8985526
-0.802353
0.9142972
-0.802353
-0.802353
-0.802353
-0.802353
-0.802353
-0.802353
-0.802353
-0.802353
1.218683
-0.802353
-0.802353
-0.802353
-0.802353
0.8556472
1.552753
1.255473
-0.802353
-0.802353
1.275270
-0.802353
-0.802353
-0.802353
1.915997
1.230647
0.8871204
-0.802353
-0.802353
0.8310538
-0.802353
-0.802353
-0.802353
1.108343
1.315318
1.008745
1.315318
1.465521
-0.802353
-0.802353
-0.802353
0.8985526
0.9529136
-0.802353
-0.802353
0.96152
-0.802353
0.9865382
-0.802353
-0.802353
-0.802353
-0.802353
-0.802353
1.514112
1.179373
1.741820
0.8556472
-0.802353
0.9888639
1.441239
-0.802353
1.070380
1.200409
-0.802353
-0.802353
-0.802353
-0.802353
1.315318
-0.802353
1.218683
1.072971
-0.802353
1.254076
-0.802353
1.293688
1.120625
-0.802353
-0.802353
1.020996
-0.802353
-0.802353
-0.802353
0.7242493
1.777462
-0.802353
-0.802353
1.171531
-0.802353
-0.802353
-0.802353
-0.802353
-0.802353
-0.802353
1.136446
-0.802353
-0.802353
0.8154757
-0.802353
-0.802353
-0.802353
-0.802353
-0.802353
-0.802353
-0.802353
-0.802353
1.259832
-0.802353
1.259832
0.9888639
1.179470
-0.802353
1.023797
-0.802353
-0.802353
-0.802353
-0.802353
-0.802353
1.367356
1.351382
1.898504
-0.802353
-0.802353
1.741820
1.875228
0.8834397
-0.802353
-0.802353
-0.802353
-0.802353
-0.802353
-0.802353
0.846488
1.305523
0.6054684
0.832438
1.057332
-0.802353
-0.802353
0.9493594
-0.802353
1.120625
-0.802353
-0.802353
1.280069
1.376968
-0.802353
-0.802353
1.001146
-0.802353
-0.802353
-0.802353
-0.802353
1.511118
1.136446
-0.802353
-0.802353
-0.802353
0.9754877
-0.802353
-0.802353
-0.802353
-0.802353
-0.802353
-0.802353
1.104238
-0.802353
1.708047
1.334646
-0.802353
1.099013
-0.802353
-0.802353
1.057332
1.268682
1.178573
-0.802353
1.179470
-0.802353
-0.802353
1.861864
1.334646
1.159366
-0.802353
0.7468943
1.096004
-0.802353
1.833427
-0.802353
-0.802353
-0.802353
0.6754829
-0.802353
-0.802353
-0.802353
-0.802353
-0.802353
1.089684
-0.802353
-0.802353
1.831836
-0.802353
1.667538
-0.802353
0.3344668
1.030613
-0.802353
1.861864
1.416349
-0.802353
-0.802353
-0.802353
-0.802353
1.290512
1.259832
-0.802353
1.194228
1.24251
1.179470
1.120625
1.334646
0.5973852
-0.802353
-0.802353
-0.802353
-0.802353
1.416349
1.281027
-0.802353
0.9087147
-0.802353
-0.802353
-0.802353
-0.802353
-0.802353
1.147022
0.991697
0.6357288
-0.802353
-0.802353
-0.802353
1.067194
1.221875
-0.802353
-0.802353
-0.802353
-0.802353
-0.802353
1.174513
-0.802353
0.996463
1.136446
-0.802353
1.009998
-0.802353
0.4030924
-0.802353
1.315318
-0.802353
-0.802353
-0.802353
1.479839
0.8985526
-0.802353
1.126699
1.191671
0.8773695
1.057332
-0.802353
-0.802353
1.351382
-0.802353
-0.802353
-0.802353
-0.802353
1.321056
1.966843
0.832438
-0.802353
1.506497
-0.802353
-0.802353
-0.802353
-0.802353
1.591224
0.79971
-0.802353
0.9888639
0.8773695
-0.802353
-0.802353
-0.802353
-0.802353
1.462636
1.367356
1.727864
-0.802353
1.042937
0.9142972
-0.802353
-0.802353
1.179470
-0.802353
-0.802353
1.120625
-0.802353
-0.802353
0.5197385
1.011091
-0.802353
-0.802353
1.026882
0.709106
1.734562
0.9876465
1.803990
-0.802353
1.032435
-0.802353
1.966843
1.089577
-0.802353
-0.802353
-0.802353
-0.802353
1.464155
-0.802353
-0.802353
-0.802353
-0.802353
1.334646
1.803990
-0.802353
1.297445
1.104238
0.7629959
-0.802353
-0.802353
-0.802353
-0.802353
-0.802353
1.259832
1.711293
-0.802353
0.916677
-0.802353
1.179470
0.5922804
-0.802353
-0.802353
-0.802353
-0.802353
-0.802353
-0.802353
-0.802353
-0.802353
0.8556472
-0.802353
1.400242
-0.802353
-0.802353
1.485021
-0.802353
-0.802353
1.585833
-0.802353
-0.802353
-0.802353
-0.802353
1.803990
-0.802353
-0.802353
-0.802353
-0.802353
-0.802353
-0.802353
-0.802353
1.009185
-0.802353
1.328377
-0.802353
1.462636
-0.802353
-0.802353
-0.802353
-0.802353
1.370327
0.9888639
-0.802353
-0.802353
-0.802353
-0.802353
-0.802353
1.096876
1.238861
-0.802353
-0.802353
1.448054
-0.802353
-0.802353
1.707284
1.374342
1.741820
-0.802353
2.058539
-0.802353
-0.802353
-0.802353
-0.802353
-0.802353
-0.802353
1.120625
-0.802353
1.367356
-0.802353
-0.802353
-0.802353
-0.802353
-0.802353
-0.802353
-0.802353
-0.802353
-0.802353
1.136446
0.5197385
-0.802353
-0.802353
-0.802353
1.545265
-0.802353
-0.802353
-0.802353
-0.802353
1.284354
-0.802353
-0.802353
0.9888639
1.057332
-0.802353
1.297904
-0.802353
-0.802353
1.424127
0.9888639
-0.802353
0.7018269
-0.802353
1.966843
0.878803
1.382932
0.9297504
1.374342
1.465521
1.234452
-0.802353
-0.802353
1.261196
1.136446
-0.802353
-0.802353
-0.802353
-0.802353
-0.802353
-0.802353
1.424127
-0.802353
-0.802353
-0.802353
0.8773695
1.414726
-0.802353
-0.802353
1.09574
0.7317853
-0.802353
0.5302311
1.861864
-0.802353
1.179470
1.545265
1.121829
-0.802353
-0.802353
1.295994
0.9518523
-0.802353
-0.802353
1.230647
-0.802353
1.139723
1.286046
-0.802353
0.8310538
0.7709897
-0.802353
1.149636
1.416231
1.224686
0.6608601
1.861864
-0.802353
0.9524094
-0.802353
-0.802353
-0.802353
1.881987
0.7134342
1.242444
-0.802353
1.400574
-0.802353
-0.802353
-0.802353
1.315318
-0.802353
-0.802353
-0.802353
-0.802353
-0.802353
1.340262
-0.802353
-0.802353
-0.802353
-0.802353
-0.802353
0.5329411
-0.802353
-0.802353
-0.802353
-0.802353
1.230647
0.8460057
-0.802353
-0.802353
-0.802353
-0.802353
-0.802353
1.207412
1.189454
0.9888639
1.415597
-0.802353
-0.802353
0.8488185
-0.802353
-0.802353
-0.802353
-0.802353
-0.802353
1.974905
-0.802353
-0.802353
-0.802353
-0.802353
-0.802353
-0.802353
-0.802353
0.9888639
1.259832
1.626378
1.32479
-0.802353
1.057332
-0.802353
-0.802353
1.400574
0.5197385
1.181121
-0.802353
-0.802353
-0.802353
-0.802353
0.8953537
-0.802353
1.023797
1.120625
1.218333
1.026882
1.101806
-0.802353
1.767244
-0.802353
-0.802353
-0.802353
0.9865382
-0.802353
-0.802353
-0.802353
-0.802353
-0.802353
-0.802353
-0.802353
0.9373713
-0.802353
-0.802353
-0.802353
0.832438
1.669240
-0.802353
-0.802353
1.259832
-0.802353
-0.802353
-0.802353
1.455690
-0.802353
-0.802353
0.6357288
-0.802353
-0.802353
-0.802353
1.449189
1.547378
-0.802353
-0.802353
-0.802353
-0.802353
-0.802353
-0.802353
1.145254
-0.802353
-0.802353
-0.802353
-0.802353
-0.802353
-0.802353
1.057332
-0.802353
-0.802353
1.057332
1.543181
1.057332
1.179470
-0.802353
-0.802353
-0.802353
-0.802353
1.120625
-0.802353
0.9888639
1.126204
-0.802353
1.310009
1.335590
-0.802353
1.273731
-0.802353
-0.802353
-0.802353
-0.802353
1.380581
1.013469
1.116249
-0.802353
-0.802353
-0.802353
0.954523
0.6357288
-0.802353
-0.802353
0.832438
-0.802353
0.79971
1.165549
-0.802353
-0.802353
-0.802353
-0.802353
1.861864
-0.802353
1.234452
-0.802353
-0.802353
1.623661
-0.802353
1.179470
1.861864
1.198711
-0.802353
1.065928
-0.802353
1.159366
-0.802353
-0.802353
1.179470
0.854105
-0.802353
-0.802353
-0.802353
-0.802353
-0.802353
-0.802353
-0.802353
-0.802353
-0.802353
0.04173102
0.8985526
0.7641445
-0.802353
-0.802353
1.200409
1.156426
-0.802353
0.7317853
-0.802353
1.200409
1.023797
-0.802353
-0.802353
-0.802353
1.136446
-0.802353
0.9541712
1.120625
1.176370
-0.802353
1.297034
-0.802353
-0.802353
-0.802353
1.585833
1.212636
-0.802353
-0.802353
-0.802353
-0.802353
-0.802353
1.463417
-0.802353
1.474515
1.259832
1.234452
-0.802353
-0.802353
-0.802353
1.966843
-0.802353
-0.802353
-0.802353
-0.802353
0.930822
-0.802353
1.135754
1.089577
-0.802353
0.6238096
-0.802353
-0.802353
-0.802353
1.057332
-0.802353
1.803990
-0.802353
-0.802353
-0.802353
1.234452
-0.802353
-0.802353
-0.802353
-0.802353
-0.802353
1.861864
-0.802353
-0.802353
-0.802353
-0.802353
-0.802353
1.057332
-0.802353
-0.802353
-0.802353
1.138717
1.020421
-0.802353
-0.802353
-0.802353
0.9142972
-0.802353
0.8821285
0.8738394
-0.802353
-0.802353
1.190931
-0.802353
-0.802353
0.7284113
-0.802353
-0.802353
-0.802353
-0.802353
-0.802353
-0.802353
1.58788
1.464155
1.792285
-0.802353
1.123737
-0.802353
0.9142972
1.020996
-0.802353
-0.802353
0.832438
-0.802353
1.281027
-0.802353
-0.802353
0.8985526
-0.802353
0.6357288
1.275270
0.8382293
-0.802353
-0.802353
-0.802353
-0.802353
-0.802353
-0.802353
-0.802353
-0.802353
1.09574
-0.802353
-0.802353
0.3504760
1.120625
-0.802353
1.291692
1.483607
-0.802353
-0.802353
1.416349
-0.802353
-0.802353
-0.802353
-0.802353
1.237639
-0.802353
-0.802353
1.169038
-0.802353
-0.802353
-0.802353
-0.802353
1.334646
-0.802353
-0.802353
1.179470
1.422619
1.200409
1.783396
-0.802353
-0.802353
1.250267
-0.802353
0.9223545
1.179470
-0.802353
-0.802353
1.204807
1.012558
1.340262
1.334646
0.5745063
-0.802353
0.5922804
-0.802353
-0.802353
1.179470
-0.802353
-0.802353
-0.802353
-0.802353
1.861864
1.117774
1.273731
0.6370899
1.230647
1.735391
-0.802353
-0.802353
0.9902067
-0.802353
-0.802353
-0.802353
1.067194
-0.802353
-0.802353
-0.802353
-0.802353
1.726219
-0.802353
0.944477
-0.802353
1.592495
-0.802353
-0.802353
-0.802353
-0.802353
-0.802353
1.078068
1.643713
-0.802353
-0.802353
-0.802353
-0.802353
-0.802353
-0.802353
-0.802353
-0.802353
-0.802353
1.315318
-0.802353
-0.802353
-0.802353
1.367356
1.462636
1.238861
0.7088039
1.308396
-0.802353
1.434781
-0.802353
1.200409
1.120625
-0.802353
1.057332
-0.802353
-0.802353
-0.802353
-0.802353
1.629773
-0.802353
1.150565
-0.802353
-0.802353
1.120625
1.212636
1.179470
-0.802353
-0.802353
1.334646
-0.802353
-0.802353
1.448054
-0.802353
1.505691
1.176618
-0.802353
-0.802353
1.041434
-0.802353
-0.802353
0.8773695
-0.802353
-0.802353
1.179470
-0.802353
-0.802353
-0.802353
0.9350286
-0.802353
-0.802353
-0.802353
1.067194
1.085793
-0.802353
-0.802353
-0.802353
-0.802353
1.023797
1.367356
-0.802353
-0.802353
-0.802353
1.719863
1.465521
-0.802353
-0.802353
-0.802353
1.089577
-0.802353
-0.802353
1.023797
-0.802353
0.710876
-0.802353
-0.802353
-0.802353
-0.802353
1.259832
0.8798058
-0.802353
1.310698
-0.802353
-0.802353
-0.802353
1.448467
-0.802353
-0.802353
1.200409
-0.802353
-0.802353
-0.802353
-0.802353
-0.802353
-0.802353
1.897845
0.932804
-0.802353
1.24251
-0.802353
1.629387
0.9888639
1.095586
-0.802353
-0.802353
-0.802353
1.416349
0.6357288
-0.802353
-0.802353
-0.802353
1.234452
1.585833
-0.802353
-0.802353
-0.802353
-0.802353
1.092089
-0.802353
-0.802353
1.234452
-0.802353
-0.802353
-0.802353
-0.802353
-0.802353
-0.802353
-0.802353
1.057332
-0.802353
-0.802353
1.067194
1.086577
1.089577
-0.802353
1.504966
-0.802353
-0.802353
1.259832
-0.802353
-0.802353
1.323447
-0.802353
-0.802353
0.5922804
1.861864
0.7828746
1.150565
-0.802353
1.367356
-0.802353
-0.802353
-0.802353
-0.802353
1.871388
1.899395
-0.802353
-0.802353
-0.802353
1.083961
-0.802353
-0.802353
-0.802353
-0.802353
1.179470
-0.802353
-0.802353
-0.802353
0.8864623
-0.802353
1.915997
-0.802353
-0.802353
1.023797
-0.802353
0.9315625
-0.802353
-0.802353
-0.802353
0.9888639
0.695467
-0.802353
-0.802353
-0.802353
0.832438
1.176370
1.218499
-0.802353
-0.802353
-0.802353
-0.802353
0.9888639
-0.802353
1.316098
1.030613
1.136446
-0.802353
-0.802353
-0.802353
-0.802353
-0.802353
-0.802353
-0.802353
1.043144
-0.802353
-0.802353
-0.802353
0.9297504
-0.802353
-0.802353
-0.802353
-0.802353
-0.802353
1.341741
-0.802353
1.399651
1.310698
1.36491
1.114507
1.179470
-0.802353
-0.802353
1.563446
1.669240
-0.802353
-0.802353
1.376099
-0.802353
-0.802353
-0.802353
0.7505112
0.9694551
0.9142972
1.374342
0.7018269
0.5837192
1.057332
-0.802353
-0.802353
-0.802353
1.057332
-0.802353
1.334646
-0.802353
-0.802353
1.116265
-0.802353
1.207412
-0.802353
1.169038
1.120625
1.120625
1.966843
-0.802353
0.9888639
1.415921
-0.802353
1.400574
0.8364687
-0.802353
-0.802353
-0.802353
-0.802353
1.171919
0.9313605
1.464155
1.576212
1.664314
0.79971
-0.802353
-0.802353
1.120625
-0.802353
-0.802353
-0.802353
-0.802353
-0.802353
-0.802353
1.057332
1.672335
-0.802353
-0.802353
-0.802353
-0.802353
1.411529
0.6311921
1.076827
-0.802353
-0.802353
-0.802353
-0.802353
1.102134
-0.802353
-0.802353
1.521513
-0.802353
1.259832
1.058570
1.114507
1.103307
0.9845962
1.861864
-0.802353
1.464155
1.131467
-0.802353
-0.802353
0.8065185
-0.802353
0.8898864
-0.802353
1.041708
1.179470
-0.802353
0.4025240
-0.802353
-0.802353
1.250343
-0.802353
-0.802353
-0.802353
1.09574
-0.802353
-0.802353
0.9888639
-0.802353
-0.802353
-0.802353
0.8985526
-0.802353
-0.802353
0.9068753
-0.802353
-0.802353
-0.802353
-0.802353
-0.802353
0.8506674
0.8881099
0.9524094
-0.802353
-0.802353
0.9888639
0.873495
0.8866185
1.062457
0.9142972
0.5197385
1.367356
1.179470
1.057332
-0.802353
-0.802353
1.559147
0.7317853
0.3395280
-0.802353
-0.802353
-0.802353
-0.802353
1.083354
1.120625
1.288034
0.9542761
-0.802353
-0.802353
1.152885
1.424127
0.9224807
1.159366
-0.802353
-0.802353
-0.802353
1.416349
1.071740
-0.802353
-0.802353
-0.802353
-0.802353
-0.802353
-0.802353
0.8065185
1.136446
0.79971
1.915997
-0.802353
-0.802353
-0.802353
1.234452
0.9671823
1.136446
1.374342
-0.802353
-0.802353
0.8475547
-0.802353
-0.802353
-0.802353
1.179470
-0.802353
1.777462
-0.802353
-0.802353
-0.802353
1.138717
0.8326105
-0.802353
1.259832
-0.802353
0.9902067
0.4858191
-0.802353
-0.802353
-0.802353
-0.802353
-0.802353
-0.802353
-0.802353
-0.802353
-0.802353
0.8272915
-0.802353
1.020996
-0.802353
-0.802353
-0.802353
-0.802353
-0.802353
-0.802353
-0.802353
-0.802353
1.120625
-0.802353
0.9512329
-0.802353
-0.802353
1.100634
-0.802353
1.256959
-0.802353
1.080853
1.282469
-0.802353
-0.802353
-0.802353
-0.802353
-0.802353
-0.802353
-0.802353
-0.802353
1.540005
-0.802353
-0.802353
1.234452
-0.802353
1.071740
-0.802353
-0.802353
-0.802353
-0.802353
-0.802353
0.95037
0.9096301
-0.802353
-0.802353
-0.802353
1.030613
-0.802353
-0.802353
1.014432
-0.802353
-0.802353
-0.802353
1.179470
1.622330
1.179470
1.026882
1.267393
0.9373713
-0.802353
-0.802353
0.9297504
0.526575
-0.802353
0.954523
-0.802353
-0.802353
1.159366
1.149636
1.218499
-0.802353
1.169038
-0.802353
-0.802353
1.346927
-0.802353
-0.802353
-0.802353
-0.802353
-0.802353
-0.802353
0.7770371
-0.802353
-0.802353
-0.802353
-0.802353
-0.802353
0.1997808
0.8661479
1.506497
-0.802353
-0.802353
0.6357288
-0.802353
-0.802353
-0.802353
-0.802353
-0.802353
-0.802353
1.861864
-0.802353
0.9142972
1.076264
1.101963
-0.802353
0.8985526
-0.802353
-0.802353
0.991697
-0.802353
-0.802353
-0.802353
-0.802353
0.4927137
1.915997
-0.802353
1.516176
-0.802353
1.315318
-0.802353
-0.802353
-0.802353
0.9064614
1.400574
1.350525
-0.802353
-0.802353
0.9226004
1.286046
-0.802353
1.424127
-0.802353
1.861864
-0.802353
1.273731
-0.802353
1.732527
1.591224
-0.802353
-0.802353
-0.802353
1.436135
-0.802353
-0.802353
-0.802353
-0.802353
-0.802353
1.792709
1.719863
-0.802353
-0.802353
0.761966
-0.802353
1.000130
-0.802353
-0.802353
1.517225
-0.802353
-0.802353
0.95037
-0.802353
-0.802353
1.234452
0.9142972
-0.802353
1.122100
-0.802353
-0.802353
-0.802353
-0.802353
1.273731
-0.802353
1.165549
-0.802353
2.133284
1.244105
-0.802353
0.7911158
1.424127
-0.802353
-0.802353
-0.802353
-0.802353
-0.802353
1.180311
1.137544
1.230647
0.9757455
-0.802353
-0.802353
0.9888639
-0.802353
-0.802353
-0.802353
-0.802353
-0.802353
1.057332
-0.802353
1.601648
1.067194
-0.802353
1.119585
1.719863
-0.802353
-0.802353
-0.802353
-0.802353
-0.802353
-0.802353
1.108858
1.136446
-0.802353
-0.802353
-0.802353
-0.802353
1.315318
1.861864
-0.802353
-0.802353
-0.802353
0.9529136
-0.802353
-0.802353
-0.802353
-0.802353
-0.802353
1.650666
1.315318
0.8583828
1.622117
-0.802353
-0.802353
-0.802353
-0.802353
1.663014
-0.802353
1.454899
-0.802353
1.136446
-0.802353
1.136446
1.547565
1.029900
-0.802353
-0.802353
-0.802353
0.942199
-0.802353
-0.802353
-0.802353
-0.802353
0.9714728
-0.802353
1.259832
1.640200
0.4025240
-0.802353
-0.802353
1.367356
-0.802353
-0.802353
0.832438
0.9888639
-0.802353
-0.802353
1.067194
-0.802353
0.9142972
-0.802353
-0.802353
0.9518523
-0.802353
1.424127
-0.802353
1.198283
1.218683
0.7668247
-0.802353
-0.802353
1.067194
1.159366
0.7317853
-0.802353
-0.802353
1.350403
1.275512
1.024870
0.996463
1.136446
1.374342
-0.802353
1.518647
-0.802353
1.200409
-0.802353
1.966843
-0.802353
-0.802353
1.826118
-0.802353
0.832438
1.315318
-0.802353
-0.802353
-0.802353
-0.802353
-0.802353
-0.802353
-0.802353
1.234452
1.200409
1.559147
0.7828746
-0.802353
-0.802353
1.573295
-0.802353
1.367356
-0.802353
-0.802353
1.572381
-0.802353
1.082414
-0.802353
0.8625678
1.439812
-0.802353
1.293563
1.157743
0.763036
1.684173
1.286046
1.179470
-0.802353
1.803990
1.271227
-0.802353
1.049176
-0.802353
0.8661479
-0.802353
1.424127
1.049176
-0.802353
0.878803
0.8460057
1.058646
-0.802353
1.315318
-0.802353
-0.802353
-0.802353
-0.802353
0.7031736
-0.802353
-0.802353
1.204807
-0.802353
-0.802353
-0.802353
-0.802353
-0.802353
-0.802353
0.6713662
-0.802353
-0.802353
0.9888639
-0.802353
-0.802353
-0.802353
-0.802353
-0.802353
-0.802353
-0.802353
-0.802353
-0.802353
0.9699592
-0.802353
1.050355
-0.802353
-0.802353
1.244105
1.159366
1.585833
1.286046
-0.802353
-0.802353
-0.802353
-0.802353
-0.802353
-0.802353
-0.802353
1.165835
1.505691
1.719863
1.057332
-0.802353
1.380581
1.741820
1.200409
1.057332
0.9087147
1.179718
1.777462
-0.802353
-0.802353
-0.802353
1.666137
-0.802353
0.03921618
-0.802353
-0.802353
1.604352
-0.802353
-0.802353
1.669240
1.259832
1.218499
-0.802353
-0.802353
1.861864
-0.802353
0.9319092
-0.802353
1.234452
-0.802353
1.144938
-0.802353
-0.802353
-0.802353
-0.802353
-0.802353
-0.802353
0.8290105
-0.802353
-0.802353
-0.802353
1.416349
1.101963
-0.802353
1.083961
-0.802353
-0.802353
0.9142972
1.050732
-0.802353
1.62129
-0.802353
0.79773
-0.802353
-0.802353
-0.802353
1.610036
-0.802353
-0.802353
1.685810
-0.802353
0.2237877
-0.802353
1.200409
-0.802353
-0.802353
-0.802353
-0.802353
1.169736
-0.802353
1.136446
-0.802353
-0.802353
-0.802353
-0.802353
-0.802353
0.5253808
-0.802353
0.6832822
-0.802353
-0.802353
1.315318
-0.802353
1.861864
1.509551
-0.802353
1.400574
1.395041
-0.802353
1.127868
-0.802353
-0.802353
0.8773695
-0.802353
-0.802353
0.9888639
-0.802353
1.380581
-0.802353
-0.802353
1.25918
1.234452
1.416349
-0.802353
-0.802353
-0.802353
1.067194
1.177548
0.7031736
1.357929
-0.802353
-0.802353
-0.802353
0.6357288
-0.802353
1.057332
0.8506407
-0.802353
-0.802353
1.273731
-0.802353
-0.802353
1.120625
-0.802353
0.8661479
-0.802353
-0.802353
-0.802353
-0.802353
-0.802353
-0.802353
1.741820
1.506497
-0.802353
1.09574
0.67315
1.057332
-0.802353
-0.802353
1.286046
0.9888639
-0.802353
-0.802353
-0.802353
-0.802353
0.7166996
1.400574
-0.802353
1.915997
0.7400226
-0.802353
-0.802353
-0.802353
-0.802353
-0.802353
0.832438
1.234452
-0.802353
1.046736
-0.802353
-0.802353
-0.802353
1.026882
-0.802353
1.572769
-0.802353
-0.802353
-0.802353
1.915997
1.290512
-0.802353
1.334646
-0.802353
1.001184
0.8773695
-0.802353
0.832438
-0.802353
-0.802353
0.959828
0.889792
1.067194
-0.802353
1.363630
-0.802353
-0.802353
-0.802353
1.067194
-0.802353
0.832438
-0.802353
-0.802353
-0.802353
1.179470
0.7468943
0.9145886
-0.802353
-0.802353
-0.802353
0.4845401
-0.802353
1.861864
-0.802353
-0.802353
-0.802353
-0.802353
-0.802353
-0.802353
-0.802353
1.364808
0.9596654
-0.802353
1.179470
-0.802353
-0.802353
-0.802353
-0.802353
-0.802353
-0.802353
1.244105
1.09574
0.697164
-0.802353
-0.802353
1.067194
1.177548
-0.802353
1.212636
-0.802353
-0.802353
1.315318
-0.802353
-0.802353
-0.802353
-0.802353
-0.802353
1.374342
-0.802353
-0.802353
1.120625
-0.802353
1.464155
-0.802353
-0.802353
1.050732
-0.802353
-0.802353
1.325546
-0.802353
-0.802353
0.9888639
-0.802353
0.9350286
-0.802353
-0.802353
-0.802353
1.09574
-0.802353
1.575339
-0.802353
-0.802353
-0.802353
-0.802353
-0.802353
-0.802353
1.315318
1.136446
1.007600
-0.802353
1.136446
-0.802353
1.586643
0.3777616
1.347764
-0.802353
-0.802353
-0.802353
1.234452
-0.802353
-0.802353
-0.802353
-0.802353
-0.802353
-0.802353
-0.802353
-0.802353
-0.802353
-0.802353
0.9226004
-0.802353
0.7121011
-0.802353
1.042937
1.120625
1.057332
-0.802353
-0.802353
-0.802353
0.9902067
1.65801
1.831836
-0.802353
1.586643
-0.802353
1.136446
1.256959
-0.802353
-0.802353
-0.802353
1.259832
-0.802353
1.253818
-0.802353
-0.802353
1.057332
-0.802353
-0.802353
-0.802353
1.115340
1.340262
-0.802353
1.120625
1.715599
1.230148
1.803990
-0.802353
-0.802353
1.374342
-0.802353
-0.802353
-0.802353
1.005070
-0.802353
1.067194
-0.802353
-0.802353
1.022717
-0.802353
1.136446
1.114507
1.861864
-0.802353
-0.802353
-0.802353
1.374342
-0.802353
-0.802353
-0.802353
-0.802353
1.599725
1.374342
-0.802353
-0.802353
-0.802353
-0.802353
1.416231
-0.802353
-0.802353
1.659564
-0.802353
-0.802353
0.9350286
1.136446
0.79773
-0.802353
0.9888639
1.023797
0.832438
1.399651
0.7278896
-0.802353
1.301328
-0.802353
-0.802353
-0.802353
-0.802353
-0.802353
1.218683
-0.802353
1.424127
-0.802353
-0.802353
0.6713662
-0.802353
0.8194389
-0.802353
-0.802353
-0.802353
-0.802353
-0.802353
-0.802353
-0.802353
0.832438
1.462636
-0.802353
-0.802353
0.7250858
-0.802353
-0.802353
1.518647
-0.802353
1.323108
0.9142972
1.854437
1.250267
-0.802353
-0.802353
-0.802353
-0.802353
-0.802353
1.179470
1.165471
-0.802353
-0.802353
0.7601101
-0.802353
-0.802353
0.991697
-0.802353
1.281444
1.424127
-0.802353
1.539430
-0.802353
-0.802353
-0.802353
-0.802353
-0.802353
-0.802353
-0.802353
-0.802353
-0.802353
0.9226004
-0.802353
-0.802353
-0.802353
1.839192
1.400574
1.365869
1.586643
-0.802353
-0.802353
1.468973
-0.802353
-0.802353
1.741820
1.510182
1.273731
1.057332
-0.802353
-0.802353
1.067194
-0.802353
-0.802353
1.179470
0.7284113
-0.802353
-0.802353
1.136446
1.305826
-0.802353
1.462636
-0.802353
0.6851331
-0.802353
1.185145
1.238861
0.8055175
1.159616
0.2067093
0.9888639
-0.802353
-0.802353
1.915997
1.057332
0.8267021
0.4080628
-0.802353
1.218499
-0.802353
1.321056
1.057332
0.7166996
-0.802353
-0.802353
-0.802353
-0.802353
-0.802353
-0.802353
-0.802353
1.159366
1.045251
0.889792
-0.802353
-0.802353
-0.802353
-0.802353
-0.802353
-0.802353
-0.802353
-0.802353
0.8661479
-0.802353
1.128701
-0.802353
-0.802353
-0.802353
-0.802353
-0.802353
-0.802353
1.376099
-0.802353
-0.802353
1.120625
1.120625
0.03921618
0.79971
1.009185
-0.802353
1.281444
1.204807
-0.802353
1.803990
1.162384
-0.802353
-0.802353
1.288034
1.026034
-0.802353
1.09574
-0.802353
1.623661
-0.802353
-0.802353
-0.802353
-0.802353
1.057332
-0.802353
1.429176
1.328377
-0.802353
0.802501
0.8310538
-0.802353
1.030295
-0.802353
-0.802353
1.179470
-0.802353
0.7481231
-0.802353
-0.802353
-0.802353
0.8791982
-0.802353
-0.802353
-0.802353
1.905873
-0.802353
-0.802353
-0.802353
-0.802353
0.6887874
-0.802353
-0.802353
1.070380
-0.802353
0.7471539
-0.802353
-0.802353
1.514112
-0.802353
-0.802353
-0.802353
-0.802353
1.204807
1.286046
-0.802353
-0.802353
-0.802353
-0.802353
-0.802353
0.9315625
0.9142972
1.872102
1.344037
-0.802353
1.161941
-0.802353
1.299054
1.376968
-0.802353
0.8093383
-0.802353
-0.802353
-0.802353
-0.802353
1.179470
-0.802353
-0.802353
1.045251
1.334646
-0.802353
1.179470
-0.802353
-0.802353
-0.802353
-0.802353
-0.802353
-0.802353
1.200409
1.273731
-0.802353
1.861864
1.443387
0.9087147
-0.802353
0.71817
-0.802353
-0.802353
-0.802353
-0.802353
1.545265
1.234452
-0.802353
1.234452
-0.802353
-0.802353
-0.802353
1.094209
1.526629
-0.802353
-0.802353
-0.802353
-0.802353
0.8245111
-0.802353
-0.802353
1.704796
-0.802353
-0.802353
-0.802353
1.229840
-0.802353
-0.802353
-0.802353
1.259832
1.065375
-0.802353
-0.802353
1.741820
1.259832
-0.802353
-0.802353
1.136446
0.9888639
-0.802353
1.067194
-0.802353
-0.802353
-0.802353
1.669240
-0.802353
0.8649375
-0.802353
-0.802353
1.218499
-0.802353
-0.802353
-0.802353
-0.802353
-0.802353
-0.802353
1.557436
1.067194
2.062093
-0.802353
-0.802353
-0.802353
1.120625
-0.802353
1.362295
-0.802353
-0.802353
-0.802353
-0.802353
1.200409
-0.802353
1.273731
-0.802353
-0.802353
-0.802353
-0.802353
0.97896
0.7088632
1.146060
-0.802353
1.238861
-0.802353
-0.802353
-0.802353
-0.802353
-0.802353
1.281027
-0.802353
-0.802353
-0.802353
-0.802353
1.315318
-0.802353
-0.802353
-0.802353
1.340262
1.057332
-0.802353
-0.802353
-0.802353
-0.802353
-0.802353
1.120625
-0.802353
-0.802353
-0.802353
-0.802353
-0.802353
0.3043061
1.659528
-0.802353
-0.802353
1.315318
1.777318
-0.802353
-0.802353
-0.802353
-0.802353
-0.802353
-0.802353
0.4504662
1.057332
-0.802353
-0.802353
-0.802353
1.734052
0.9542761
-0.802353
1.315318
-0.802353
0.1997808
-0.802353
1.411740
-0.802353
1.124978
1.136446
-0.802353
-0.802353
-0.802353
-0.802353
-0.802353
1.159366
-0.802353
-0.802353
-0.802353
-0.802353
1.566267
-0.802353
1.708914
1.169038
2.119244
0.9362702
-0.802353
-0.802353
-0.802353
1.286046
0.8132502
-0.802353
-0.802353
-0.802353
-0.802353
-0.802353
-0.802353
1.632394
-0.802353
-0.802353
-0.802353
0.3344668
1.179470
-0.802353
-0.802353
0.8245111
-0.802353
-0.802353
-0.802353
-0.802353
-0.802353
-0.802353
1.315318
-0.802353
-0.802353
-0.802353
0.8985526
-0.802353
1.381242
-0.802353
-0.802353
1.083961
1.288034
-0.802353
-0.802353
-0.802353
-0.802353
0.8755062
-0.802353
-0.802353
1.200409
1.136446
-0.802353
0.9888639
-0.802353
-0.802353
-0.802353
-0.802353
-0.802353
1.136446
1.861864
-0.802353
1.532954
-0.802353
1.120625
-0.802353
-0.802353
1.159366
1.259832
-0.802353
-0.802353
1.416349
1.234452
-0.802353
1.260646
-0.802353
-0.802353
1.315544
-0.802353
1.656915
-0.802353
-0.802353
-0.802353
-0.802353
1.275978
-0.802353
1.831354
-0.802353
1.518647
1.218499
-0.802353
-0.802353
1.179470
1.189454
-0.802353
-0.802353
-0.802353
-0.802353
1.787610
1.546215
1.861864
1.703511
1.057332
-0.802353
1.833427
-0.802353
-0.802353
-0.802353
-0.802353
-0.802353
-0.802353
0.9087147
-0.802353
0.923662
-0.802353
0.9888639
0.6713662
-0.802353
-0.802353
-0.802353
-0.802353
-0.802353
-0.802353
-0.802353
0.932524
1.517354
1.05934
-0.802353
1.273731
0.8494625
1.067194
-0.802353
-0.802353
1.829653
-0.802353
-0.802353
-0.802353
-0.802353
-0.802353
-0.802353
1.915997
-0.802353
-0.802353
-0.802353
-0.802353
-0.802353
-0.802353
1.65801
1.632394
-0.802353
-0.802353
-0.802353
1.120625
-0.802353
1.527596
-0.802353
0.8391354
-0.802353
1.159366
1.259832
1.030295
1.218499
-0.802353
-0.802353
-0.802353
-0.802353
-0.802353
1.334646
-0.802353
-0.802353
-0.802353
1.234452
-0.802353
-0.802353
-0.802353
-0.802353
-0.802353
-0.802353
-0.802353
-0.802353
-0.802353
-0.802353
1.057332
0.9822806
-0.802353
-0.802353
1.179470
-0.802353
-0.802353
-0.802353
-0.802353
-0.802353
-0.802353
1.325987
-0.802353
-0.802353
-0.802353
-0.802353
1.286046
-0.802353
-0.802353
-0.802353
1.256959
0.832438
-0.802353
-0.802353
1.741820
1.366496
-0.802353
-0.802353
-0.802353
1.741820
1.218499
1.057332
1.803990
1.046736
-0.802353
1.136446
-0.802353
1.064168
0.7695797
-0.802353
1.325546
1.810927
-0.802353
1.200409
-0.802353
0.768017
1.234452
1.315318
-0.802353
-0.802353
1.120625
-0.802353
-0.802353
1.315318
-0.802353
0.6091416
1.465521
1.089577
1.179470
-0.802353
-0.802353
-0.802353
-0.802353
1.674662
-0.802353
-0.802353
1.340262
-0.802353
-0.802353
2.508093
0.3283458
1.120625
1.200409
-0.802353
1.867840
0.7088205
-0.802353
-0.802353
0.9888639
-0.802353
-0.802353
-0.802353
1.166243
1.259832
-0.802353
1.057332
1.098506
-0.802353
-0.802353
-0.802353
-0.802353
-0.802353
-0.802353
-0.802353
-0.802353
1.288034
0.8220553
1.057332
-0.802353
-0.802353
1.741820
-0.802353
0.9529136
1.286046
1.09574
-0.802353
0.8413191
1.334646
-0.802353
-0.802353
1.736023
-0.802353
1.315318
1.114507
-0.802353
-0.802353
1.165457
-0.802353
-0.802353
-0.802353
-0.802353
-0.802353
2.296209
-0.802353
-0.802353
-0.802353
-0.802353
1.178573
-0.802353
1.066344
1.120625
-0.802353
-0.802353
-0.802353
-0.802353
0.6942496
-0.802353
-0.802353
-0.802353
1.416349
-0.802353
-0.802353
-0.802353
-0.802353
-0.802353
-0.802353
-0.802353
-0.802353
-0.802353
-0.802353
-0.802353
-0.802353
-0.802353
1.179584
2.022232
1.608947
-0.802353
-0.802353
1.315318
-0.802353
-0.802353
-0.802353
-0.802353
-0.802353
-0.802353
-0.802353
-0.802353
-0.802353
-0.802353
0.7920056
-0.802353
-0.802353
1.157860
-0.802353
-0.802353
-0.802353
1.179470
-0.802353
1.136446
1.905447
-0.802353
1.250254
-0.802353
-0.802353
-0.802353
1.367356
-0.802353
1.146060
-0.802353
-0.802353
1.434994
-0.802353
-0.802353
0.6747419
-0.802353
-0.802353
-0.802353
-0.802353
-0.802353
0.923662
0.9888639
1.025480
-0.802353
1.234452
-0.802353
-0.802353
0.8710186
1.545265
-0.802353
-0.802353
-0.802353
0.7483192
-0.802353
-0.802353
-0.802353
-0.802353
-0.802353
-0.802353
1.043144
-0.802353
0.9373713
1.861864
-0.802353
-0.802353
-0.802353
-0.802353
